split_config_path = "config/eval-split.toml"
split_config_hash = "627e566ef06bc232"
model_version = "34d8bec0"
model_name = "gpt-4o"
precision = 0.8
recall = 0.8695652173913043
f1 = 0.8333333333333333
roc_auc = 0.8967391304347826
tp = 20
fp = 5
tn = 115
fn_ = 3
input_tokens = 154374
output_tokens = 1144
cost_usd = 0.397375

[pinned_precision]
threshold = 0.5
recall = 0.8695652173913043
