split_config_path = "config/eval-split.toml"
split_config_hash = "627e566ef06bc232"
model_version = "ea219ee0"
model_name = "gpt-4o"
precision = 0.7619047619047619
recall = 0.6956521739130435
f1 = 0.7272727272727272
roc_auc = 0.8603260869565217
tp = 16
fp = 5
tn = 115
fn_ = 7
input_tokens = 126489
output_tokens = 1144
cost_usd = 0.3276625

[pinned_precision]
threshold = 0.5
recall = 0.6956521739130435
