split_config_path = "config/eval-split.toml"
split_config_hash = "627e566ef06bc232"
model_version = "v2:30dca4b3"
model_name = "gpt-4o"
precision = 0.7619047619047619
recall = 0.6956521739130435
f1 = 0.7272727272727272
roc_auc = 0.8960144927536232
tp = 16
fp = 5
tn = 115
fn_ = 7
input_tokens = 152801
output_tokens = 1144
cost_usd = 0.3934

[pinned_precision]
threshold = 0.6000000238418579
recall = 0.6956521739130435
